==============================================================================================
starting........................................................................................
imported glob........................................................................................
read files list........................................................................................
pdg........................................................................................
layer 0........................................................................................
layer 1........................................................................................
layer 2........................................................................................
layer 3........................................................................................
layer 4........................................................................................
layer 5........................................................................................
mapped out files to useful elements....................................................................
concatenate pdgs and layers....................................................................
mapped out electrons....................................................................
y.shape....................................................................
(29231,)
x.shape....................................................................
(29231, 17, 24)
x.......................................................................................................
[[[ 0  0  0 ...  0  0  0]
  [ 0  0  0 ...  0  0  0]
  [ 0  0  0 ...  0  0  0]
  ...
  [ 9  9  9 ... 11 19 73]
  [ 8  9  8 ... 10 17 44]
  [ 0  0  0 ...  0  0  0]]

 [[ 0  0  0 ...  0  0  0]
  [ 0  0  0 ...  0  0  0]
  [ 0  0  0 ...  0  0  0]
  ...
  [ 0  0  0 ...  0  0  0]
  [ 0  0  0 ...  0  0  0]
  [ 0  0  0 ...  0  0  0]]

 [[ 0  0  0 ...  0  0  0]
  [ 0  0  0 ...  0  0  0]
  [ 0  0  0 ...  0  0  0]
  ...
  [ 0  0  0 ...  0  0  0]
  [ 0  0  0 ...  0  0  0]
  [ 0  0  0 ...  0  0  0]]

 ...

 [[ 0  0  0 ...  0  0  0]
  [ 0  0  0 ...  0  0  0]
  [ 0  0  0 ...  0  0  0]
  ...
  [ 0  0  0 ...  0  0  0]
  [ 0  0  0 ...  0  0  0]
  [ 0  0  0 ...  0  0  0]]

 [[ 0  0  0 ...  0  0  0]
  [ 0  0  0 ...  0  0  0]
  [ 0  0  0 ...  0  0  0]
  ...
  [ 0  0  0 ...  0  0  0]
  [ 0  0  0 ...  0  0  0]
  [ 0  0  0 ...  0  0  0]]

 [[ 0  0  0 ...  0  0  0]
  [ 0  0  0 ...  0  0  0]
  [ 0  0  0 ...  0  0  0]
  ...
  [ 0  0  0 ...  0  0  0]
  [ 0  0  0 ...  0  0  0]
  [ 0  0  0 ...  0  0  0]]]
y.......................................................................................................
[0 0 0 ... 0 0 0]
pickling files........................................................................................
done.........................................................................................
==============================================================================================
