==============================================================================================
starting........................................................................................
imported glob........................................................................................
read files list........................................................................................
pdg........................................................................................
layer 0........................................................................................
layer 1........................................................................................
layer 2........................................................................................
layer 3........................................................................................
layer 4........................................................................................
layer 5........................................................................................
mapped out files to useful elements....................................................................
concatenate pdgs and layers....................................................................
mapped out electrons....................................................................
y.shape....................................................................
(1492821,)
x.shape....................................................................
(1492821, 17, 24)
x.......................................................................................................
[[[ 0  0  0 ...  0  0  0]
  [ 0  0  0 ...  0  0  0]
  [ 0  0  0 ...  0  0  0]
  ...
  [ 0  0  0 ...  0  0  0]
  [ 0  0  0 ...  0  0  0]
  [ 0  0  0 ...  0  0  0]]

 [[ 0  0  0 ...  0  0  0]
  [ 0  0  0 ...  0  0  0]
  [ 0  0  0 ...  0  0  0]
  ...
  [ 0  0  0 ...  0  0  0]
  [ 0  0  0 ...  0  0  0]
  [ 0  0  0 ...  0  0  0]]

 [[ 0  0  0 ...  0  0  0]
  [ 0  0  0 ...  0  0  0]
  [ 0  0  0 ...  0  0  0]
  ...
  [ 0  0  0 ...  0  0  0]
  [ 0  0  0 ...  0  0  0]
  [ 0  0  0 ...  0  0  0]]

 ...

 [[ 0  0  0 ...  0  0  0]
  [ 0  0  0 ...  0  0  0]
  [ 0  0  0 ...  0  0  0]
  ...
  [ 0  0  0 ...  0  0  0]
  [ 0  0  0 ...  0  0  0]
  [ 0  0  0 ...  0  0  0]]

 [[ 0  0  0 ...  0  0  0]
  [ 0  0  0 ...  0  0  0]
  [ 0  0  0 ...  0  0  0]
  ...
  [ 0  0  0 ...  0  0  0]
  [14 14 13 ... 13 12 12]
  [16 15 15 ... 14 15 14]]

 [[ 0  0  0 ...  0  0  0]
  [ 0  0  0 ...  0  0  0]
  [ 0  0  0 ...  0  0  0]
  ...
  [ 0  0  0 ...  0  0  0]
  [ 0  0  0 ...  0  0  0]
  [ 0  0  0 ...  0  0  0]]]
y.......................................................................................................
[0 0 0 ... 0 0 0]
pickling files........................................................................................
done.........................................................................................
==============================================================================================
