starting
imported glob
read files list
/scratch/vljchr004/data/msc-thesis-data/unprocessed/000265309/041/pythonDict.txt
0.0
/scratch/vljchr004/data/msc-thesis-data/unprocessed/000265309/023/pythonDict.txt
2.3255813953488373
/scratch/vljchr004/data/msc-thesis-data/unprocessed/000265309/022/pythonDict.txt
4.651162790697675
/scratch/vljchr004/data/msc-thesis-data/unprocessed/000265309/036/pythonDict.txt
6.976744186046512
/scratch/vljchr004/data/msc-thesis-data/unprocessed/000265309/003/pythonDict.txt
9.30232558139535
/scratch/vljchr004/data/msc-thesis-data/unprocessed/000265309/012/pythonDict.txt
11.627906976744185
/scratch/vljchr004/data/msc-thesis-data/unprocessed/000265309/033/pythonDict.txt
13.953488372093023
/scratch/vljchr004/data/msc-thesis-data/unprocessed/000265309/005/pythonDict.txt
16.27906976744186
/scratch/vljchr004/data/msc-thesis-data/unprocessed/000265309/027/pythonDict.txt
18.6046511627907
/scratch/vljchr004/data/msc-thesis-data/unprocessed/000265309/035/pythonDict.txt
20.930232558139537
/scratch/vljchr004/data/msc-thesis-data/unprocessed/000265309/028/pythonDict.txt
23.25581395348837
/scratch/vljchr004/data/msc-thesis-data/unprocessed/000265309/045/pythonDict.txt
25.581395348837212
/scratch/vljchr004/data/msc-thesis-data/unprocessed/000265309/026/pythonDict.txt
27.906976744186046
/scratch/vljchr004/data/msc-thesis-data/unprocessed/000265309/015/pythonDict.txt
30.23255813953488
/scratch/vljchr004/data/msc-thesis-data/unprocessed/000265309/021/pythonDict.txt
32.55813953488372
/scratch/vljchr004/data/msc-thesis-data/unprocessed/000265309/020/pythonDict.txt
34.883720930232556
/scratch/vljchr004/data/msc-thesis-data/unprocessed/000265309/031/pythonDict.txt
37.2093023255814
/scratch/vljchr004/data/msc-thesis-data/unprocessed/000265309/017/pythonDict.txt
39.53488372093023
/scratch/vljchr004/data/msc-thesis-data/unprocessed/000265309/030/pythonDict.txt
41.86046511627907
/scratch/vljchr004/data/msc-thesis-data/unprocessed/000265309/032/pythonDict.txt
44.18604651162791
/scratch/vljchr004/data/msc-thesis-data/unprocessed/000265309/007/pythonDict.txt
46.51162790697674
/scratch/vljchr004/data/msc-thesis-data/unprocessed/000265309/042/pythonDict.txt
48.837209302325576
/scratch/vljchr004/data/msc-thesis-data/unprocessed/000265309/013/pythonDict.txt
51.162790697674424
/scratch/vljchr004/data/msc-thesis-data/unprocessed/000265309/044/pythonDict.txt
53.48837209302325
/scratch/vljchr004/data/msc-thesis-data/unprocessed/000265309/039/pythonDict.txt
55.81395348837209
/scratch/vljchr004/data/msc-thesis-data/unprocessed/000265309/004/pythonDict.txt
58.139534883720934
/scratch/vljchr004/data/msc-thesis-data/unprocessed/000265309/024/pythonDict.txt
60.46511627906976
/scratch/vljchr004/data/msc-thesis-data/unprocessed/000265309/014/pythonDict.txt
62.7906976744186
/scratch/vljchr004/data/msc-thesis-data/unprocessed/000265309/018/pythonDict.txt
65.11627906976744
/scratch/vljchr004/data/msc-thesis-data/unprocessed/000265309/019/pythonDict.txt
67.44186046511628
/scratch/vljchr004/data/msc-thesis-data/unprocessed/000265309/029/pythonDict.txt
69.76744186046511
/scratch/vljchr004/data/msc-thesis-data/unprocessed/000265309/016/pythonDict.txt
72.09302325581395
/scratch/vljchr004/data/msc-thesis-data/unprocessed/000265309/001/pythonDict.txt
74.4186046511628
/scratch/vljchr004/data/msc-thesis-data/unprocessed/000265309/009/pythonDict.txt
76.74418604651163
/scratch/vljchr004/data/msc-thesis-data/unprocessed/000265309/034/pythonDict.txt
79.06976744186046
/scratch/vljchr004/data/msc-thesis-data/unprocessed/000265309/002/pythonDict.txt
81.3953488372093
/scratch/vljchr004/data/msc-thesis-data/unprocessed/000265309/025/pythonDict.txt
83.72093023255815
/scratch/vljchr004/data/msc-thesis-data/unprocessed/000265309/038/pythonDict.txt
86.04651162790698
/scratch/vljchr004/data/msc-thesis-data/unprocessed/000265309/043/pythonDict.txt
88.37209302325581
/scratch/vljchr004/data/msc-thesis-data/unprocessed/000265309/008/pythonDict.txt
90.69767441860465
/scratch/vljchr004/data/msc-thesis-data/unprocessed/000265309/040/pythonDict.txt
93.02325581395348
/scratch/vljchr004/data/msc-thesis-data/unprocessed/000265309/011/pythonDict.txt
95.34883720930233
/scratch/vljchr004/data/msc-thesis-data/unprocessed/000265309/006/pythonDict.txt
97.67441860465115
layer and pdg
get pdg
get pdg
1
2
3
4
5
6
7
8
9
10
11
12
13
14
15
16
17
18
19
20
21
22
23
24
25
26
27
28
29
30
31
32
33
34
35
36
37
38
39
40
41
42
43
44
45
46
47
48
49
50
51
52
53
54
55
56
57
58
59
60
61
62
63
64
65
66
67
68
69
70
71
72
73
74
75
76
77
78
79
80
81
82
83
84
85
86
87
88
89
90
91
92
93
94
95
96
97
98
99
100
101
102
103
104
105
106
107
108
109
110
111
112
113
114
115
116
117
118
119
120
121
122
123
124
125
126
127
128
129
130
131
132
133
134
135
136
137
138
139
140
141
142
143
144
145
146
147
148
149
150
151
152
153
154
155
156
157
158
159
160
161
162
163
164
165
166
167
168
169
170
171
172
173
174
175
176
177
178
179
180
181
182
183
184
185
186
187
188
189
190
191
192
193
194
195
196
197
198
199
200
201
202
203
204
205
206
207
208
209
210
211
212
213
214
215
216
217
218
219
220
221
222
223
224
225
226
227
228
229
230
231
232
233
234
235
236
237
238
239
240
241
242
243
244
245
246
247
248
249
250
251
252
253
254
255
256
257
258
259
260
261
262
263
264
265
266
267
268
269
270
271
272
273
274
275
276
277
278
279
280
281
282
283
284
285
286
287
288
289
290
291
292
293
294
295
296
297
298
299
300
301
302
303
304
305
306
307
308
309
310
311
312
313
314
315
316
317
318
319
320
321
322
323
324
325
326
327
328
329
330
331
332
333
334
335
336
337
338
339
340
341
1000000000000000000000000000000123
2000000000000000000000000000000246
3000000000000000000000000000000369
4000000000000000000000000000000492
5000000000000000000000000000000615
6000000000000000000000000000000738
7000000000000000000000000000000861
8000000000000000000000000000000984
9000000000000000000000000000001107
10000000000000000000000000000001230
11000000000000000000000000000001353
12000000000000000000000000000001476
13000000000000000000000000000001599
14000000000000000000000000000001722
15000000000000000000000000000001845
16000000000000000000000000000001968
17000000000000000000000000000002091
18000000000000000000000000000002214
19000000000000000000000000000002337
20000000000000000000000000000002460
21000000000000000000000000000002583
22000000000000000000000000000002706
23000000000000000000000000000002829
24000000000000000000000000000002952
25000000000000000000000000000003075
26000000000000000000000000000003198
27000000000000000000000000000003321
28000000000000000000000000000003444
29000000000000000000000000000003567
30000000000000000000000000000003690
31000000000000000000000000000003813
32000000000000000000000000000003936
33000000000000000000000000000004059
34000000000000000000000000000004182
35000000000000000000000000000004305
36000000000000000000000000000004428
37000000000000000000000000000004551
38000000000000000000000000000004674
39000000000000000000000000000004797
40000000000000000000000000000004920
41000000000000000000000000000005043
42000000000000000000000000000005166
43000000000000000000000000000005289
44000000000000000000000000000005412
45000000000000000000000000000005535
46000000000000000000000000000005658
47000000000000000000000000000005781
48000000000000000000000000000005904
49000000000000000000000000000006027
50000000000000000000000000000006150
51000000000000000000000000000006273
52000000000000000000000000000006396
53000000000000000000000000000006519
54000000000000000000000000000006642
55000000000000000000000000000006765
56000000000000000000000000000006888
57000000000000000000000000000007011
58000000000000000000000000000007134
59000000000000000000000000000007257
60000000000000000000000000000007380
61000000000000000000000000000007503
62000000000000000000000000000007626
63000000000000000000000000000007749
64000000000000000000000000000007872
65000000000000000000000000000007995
66000000000000000000000000000008118
67000000000000000000000000000008241
68000000000000000000000000000008364
69000000000000000000000000000008487
70000000000000000000000000000008610
71000000000000000000000000000008733
72000000000000000000000000000008856
73000000000000000000000000000008979
74000000000000000000000000000009102
75000000000000000000000000000009225
76000000000000000000000000000009348
77000000000000000000000000000009471
78000000000000000000000000000009594
79000000000000000000000000000009717
80000000000000000000000000000009840
81000000000000000000000000000009963
82000000000000000000000000000010086
83000000000000000000000000000010209
84000000000000000000000000000010332
85000000000000000000000000000010455
86000000000000000000000000000010578
87000000000000000000000000000010701
88000000000000000000000000000010824
89000000000000000000000000000010947
90000000000000000000000000000011070
91000000000000000000000000000011193
92000000000000000000000000000011316
93000000000000000000000000000011439
94000000000000000000000000000011562
95000000000000000000000000000011685
96000000000000000000000000000011808
97000000000000000000000000000011931
98000000000000000000000000000012054
99000000000000000000000000000012177
100000000000000000000000000000012300
101000000000000000000000000000012423
102000000000000000000000000000012546
103000000000000000000000000000012669
104000000000000000000000000000012792
105000000000000000000000000000012915
106000000000000000000000000000013038
107000000000000000000000000000013161
108000000000000000000000000000013284
109000000000000000000000000000013407
110000000000000000000000000000013530
111000000000000000000000000000013653
112000000000000000000000000000013776
113000000000000000000000000000013899
114000000000000000000000000000014022
115000000000000000000000000000014145
116000000000000000000000000000014268
117000000000000000000000000000014391
118000000000000000000000000000014514
119000000000000000000000000000014637
120000000000000000000000000000014760
121000000000000000000000000000014883
122000000000000000000000000000015006
123000000000000000000000000000015129
124000000000000000000000000000015252
125000000000000000000000000000015375
126000000000000000000000000000015498
127000000000000000000000000000015621
128000000000000000000000000000015744
129000000000000000000000000000015867
130000000000000000000000000000015990
131000000000000000000000000000016113
132000000000000000000000000000016236
133000000000000000000000000000016359
134000000000000000000000000000016482
135000000000000000000000000000016605
136000000000000000000000000000016728
137000000000000000000000000000016851
138000000000000000000000000000016974
139000000000000000000000000000017097
140000000000000000000000000000017220
141000000000000000000000000000017343
142000000000000000000000000000017466
143000000000000000000000000000017589
144000000000000000000000000000017712
145000000000000000000000000000017835
146000000000000000000000000000017958
147000000000000000000000000000018081
148000000000000000000000000000018204
149000000000000000000000000000018327
150000000000000000000000000000018450
151000000000000000000000000000018573
152000000000000000000000000000018696
153000000000000000000000000000018819
154000000000000000000000000000018942
155000000000000000000000000000019065
156000000000000000000000000000019188
157000000000000000000000000000019311
158000000000000000000000000000019434
159000000000000000000000000000019557
160000000000000000000000000000019680
161000000000000000000000000000019803
162000000000000000000000000000019926
163000000000000000000000000000020049
164000000000000000000000000000020172
165000000000000000000000000000020295
166000000000000000000000000000020418
167000000000000000000000000000020541
168000000000000000000000000000020664
169000000000000000000000000000020787
170000000000000000000000000000020910
171000000000000000000000000000021033
172000000000000000000000000000021156
173000000000000000000000000000021279
174000000000000000000000000000021402
175000000000000000000000000000021525
176000000000000000000000000000021648
177000000000000000000000000000021771
178000000000000000000000000000021894
179000000000000000000000000000022017
180000000000000000000000000000022140
181000000000000000000000000000022263
182000000000000000000000000000022386
183000000000000000000000000000022509
184000000000000000000000000000022632
185000000000000000000000000000022755
186000000000000000000000000000022878
187000000000000000000000000000023001
188000000000000000000000000000023124
189000000000000000000000000000023247
190000000000000000000000000000023370
191000000000000000000000000000023493
192000000000000000000000000000023616
193000000000000000000000000000023739
194000000000000000000000000000023862
195000000000000000000000000000023985
196000000000000000000000000000024108
197000000000000000000000000000024231
198000000000000000000000000000024354
199000000000000000000000000000024477
200000000000000000000000000000024600
201000000000000000000000000000024723
202000000000000000000000000000024846
203000000000000000000000000000024969
204000000000000000000000000000025092
205000000000000000000000000000025215
206000000000000000000000000000025338
207000000000000000000000000000025461
208000000000000000000000000000025584
209000000000000000000000000000025707
210000000000000000000000000000025830
211000000000000000000000000000025953
212000000000000000000000000000026076
213000000000000000000000000000026199
214000000000000000000000000000026322
215000000000000000000000000000026445
216000000000000000000000000000026568
217000000000000000000000000000026691
218000000000000000000000000000026814
219000000000000000000000000000026937
220000000000000000000000000000027060
221000000000000000000000000000027183
222000000000000000000000000000027306
223000000000000000000000000000027429
224000000000000000000000000000027552
225000000000000000000000000000027675
226000000000000000000000000000027798
227000000000000000000000000000027921
228000000000000000000000000000028044
229000000000000000000000000000028167
230000000000000000000000000000028290
231000000000000000000000000000028413
232000000000000000000000000000028536
233000000000000000000000000000028659
234000000000000000000000000000028782
235000000000000000000000000000028905
236000000000000000000000000000029028
237000000000000000000000000000029151
238000000000000000000000000000029274
239000000000000000000000000000029397
240000000000000000000000000000029520
241000000000000000000000000000029643
242000000000000000000000000000029766
243000000000000000000000000000029889
244000000000000000000000000000030012
245000000000000000000000000000030135
246000000000000000000000000000030258
247000000000000000000000000000030381
248000000000000000000000000000030504
249000000000000000000000000000030627
250000000000000000000000000000030750
251000000000000000000000000000030873
252000000000000000000000000000030996
253000000000000000000000000000031119
254000000000000000000000000000031242
255000000000000000000000000000031365
256000000000000000000000000000031488
257000000000000000000000000000031611
258000000000000000000000000000031734
259000000000000000000000000000031857
260000000000000000000000000000031980
261000000000000000000000000000032103
262000000000000000000000000000032226
263000000000000000000000000000032349
264000000000000000000000000000032472
265000000000000000000000000000032595
266000000000000000000000000000032718
267000000000000000000000000000032841
268000000000000000000000000000032964
269000000000000000000000000000033087
270000000000000000000000000000033210
271000000000000000000000000000033333
272000000000000000000000000000033456
273000000000000000000000000000033579
274000000000000000000000000000033702
275000000000000000000000000000033825
276000000000000000000000000000033948
277000000000000000000000000000034071
278000000000000000000000000000034194
279000000000000000000000000000034317
280000000000000000000000000000034440
281000000000000000000000000000034563
282000000000000000000000000000034686
283000000000000000000000000000034809
284000000000000000000000000000034932
285000000000000000000000000000035055
286000000000000000000000000000035178
287000000000000000000000000000035301
288000000000000000000000000000035424
289000000000000000000000000000035547
290000000000000000000000000000035670
291000000000000000000000000000035793
292000000000000000000000000000035916
293000000000000000000000000000036039
294000000000000000000000000000036162
295000000000000000000000000000036285
296000000000000000000000000000036408
297000000000000000000000000000036531
298000000000000000000000000000036654
299000000000000000000000000000036777
300000000000000000000000000000036900
301000000000000000000000000000037023
302000000000000000000000000000037146
303000000000000000000000000000037269
304000000000000000000000000000037392
305000000000000000000000000000037515
306000000000000000000000000000037638
307000000000000000000000000000037761
308000000000000000000000000000037884
309000000000000000000000000000038007
310000000000000000000000000000038130
311000000000000000000000000000038253
312000000000000000000000000000038376
313000000000000000000000000000038499
314000000000000000000000000000038622
315000000000000000000000000000038745
316000000000000000000000000000038868
317000000000000000000000000000038991
318000000000000000000000000000039114
319000000000000000000000000000039237
320000000000000000000000000000039360
321000000000000000000000000000039483
322000000000000000000000000000039606
323000000000000000000000000000039729
324000000000000000000000000000039852
325000000000000000000000000000039975
326000000000000000000000000000040098
327000000000000000000000000000040221
328000000000000000000000000000040344
329000000000000000000000000000040467
330000000000000000000000000000040590
331000000000000000000000000000040713
332000000000000000000000000000040836
333000000000000000000000000000040959
334000000000000000000000000000041082
335000000000000000000000000000041205
336000000000000000000000000000041328
337000000000000000000000000000041451
338000000000000000000000000000041574
339000000000000000000000000000041697
340000000000000000000000000000041820
341000000000000000000000000000041943
342000000000000000000000000000042066
1000000000000000000000000000000806
2000000000000000000000000000000929
3000000000000000000000000000001052
4000000000000000000000000000001175
5000000000000000000000000000001298
6000000000000000000000000000001421
7000000000000000000000000000001544
8000000000000000000000000000001667
9000000000000000000000000000001790
10000000000000000000000000000001913
11000000000000000000000000000002036
12000000000000000000000000000002159
13000000000000000000000000000002282
14000000000000000000000000000002405
15000000000000000000000000000002528
16000000000000000000000000000002651
17000000000000000000000000000002774
18000000000000000000000000000002897
19000000000000000000000000000003020
20000000000000000000000000000003143
21000000000000000000000000000003266
22000000000000000000000000000003389
23000000000000000000000000000003512
24000000000000000000000000000003635
25000000000000000000000000000003758
26000000000000000000000000000003881
27000000000000000000000000000004004
28000000000000000000000000000004127
29000000000000000000000000000004250
30000000000000000000000000000004373
31000000000000000000000000000004496
32000000000000000000000000000004619
33000000000000000000000000000004742
34000000000000000000000000000004865
35000000000000000000000000000004988
36000000000000000000000000000005111
37000000000000000000000000000005234
38000000000000000000000000000005357
39000000000000000000000000000005480
40000000000000000000000000000005603
41000000000000000000000000000005726
42000000000000000000000000000005849
43000000000000000000000000000005972
44000000000000000000000000000006095
45000000000000000000000000000006218
46000000000000000000000000000006341
47000000000000000000000000000006464
48000000000000000000000000000006587
49000000000000000000000000000006710
50000000000000000000000000000006833
51000000000000000000000000000006956
52000000000000000000000000000007079
53000000000000000000000000000007202
54000000000000000000000000000007325
55000000000000000000000000000007448
56000000000000000000000000000007571
57000000000000000000000000000007694
58000000000000000000000000000007817
59000000000000000000000000000007940
60000000000000000000000000000008063
1000000000000000000000000000000866
2000000000000000000000000000000989
3000000000000000000000000000001112
4000000000000000000000000000001235
5000000000000000000000000000001358
6000000000000000000000000000001481
7000000000000000000000000000001604
8000000000000000000000000000001727
9000000000000000000000000000001850
10000000000000000000000000000001973
11000000000000000000000000000002096
12000000000000000000000000000002219
13000000000000000000000000000002342
14000000000000000000000000000002465
15000000000000000000000000000002588
16000000000000000000000000000002711
17000000000000000000000000000002834
18000000000000000000000000000002957
19000000000000000000000000000003080
20000000000000000000000000000003203
21000000000000000000000000000003326
22000000000000000000000000000003449
23000000000000000000000000000003572
24000000000000000000000000000003695
25000000000000000000000000000003818
26000000000000000000000000000003941
27000000000000000000000000000004064
28000000000000000000000000000004187
29000000000000000000000000000004310
30000000000000000000000000000004433
31000000000000000000000000000004556
32000000000000000000000000000004679
33000000000000000000000000000004802
34000000000000000000000000000004925
35000000000000000000000000000005048
36000000000000000000000000000005171
37000000000000000000000000000005294
38000000000000000000000000000005417
39000000000000000000000000000005540
40000000000000000000000000000005663
41000000000000000000000000000005786
42000000000000000000000000000005909
43000000000000000000000000000006032
44000000000000000000000000000006155
45000000000000000000000000000006278
342
343
344
345
346
347
348
349
1000000000000000000000000000000911
2000000000000000000000000000001034
3000000000000000000000000000001157
4000000000000000000000000000001280
5000000000000000000000000000001403
6000000000000000000000000000001526
7000000000000000000000000000001649
8000000000000000000000000000001772
9000000000000000000000000000001895
10000000000000000000000000000002018
11000000000000000000000000000002141
12000000000000000000000000000002264
13000000000000000000000000000002387
14000000000000000000000000000002510
15000000000000000000000000000002633
16000000000000000000000000000002756
17000000000000000000000000000002879
18000000000000000000000000000003002
19000000000000000000000000000003125
20000000000000000000000000000003248
21000000000000000000000000000003371
22000000000000000000000000000003494
23000000000000000000000000000003617
24000000000000000000000000000003740
25000000000000000000000000000003863
26000000000000000000000000000003986
27000000000000000000000000000004109
28000000000000000000000000000004232
29000000000000000000000000000004355
30000000000000000000000000000004478
31000000000000000000000000000004601
32000000000000000000000000000004724
33000000000000000000000000000004847
34000000000000000000000000000004970
35000000000000000000000000000005093
36000000000000000000000000000005216
37000000000000000000000000000005339
38000000000000000000000000000005462
39000000000000000000000000000005585
40000000000000000000000000000005708
41000000000000000000000000000005831
42000000000000000000000000000005954
43000000000000000000000000000006077
44000000000000000000000000000006200
45000000000000000000000000000006323
46000000000000000000000000000006446
47000000000000000000000000000006569
48000000000000000000000000000006692
49000000000000000000000000000006815
50000000000000000000000000000006938
51000000000000000000000000000007061
52000000000000000000000000000007184
53000000000000000000000000000007307
54000000000000000000000000000007430
55000000000000000000000000000007553
56000000000000000000000000000007676
57000000000000000000000000000007799
58000000000000000000000000000007922
59000000000000000000000000000008045
60000000000000000000000000000008168
61000000000000000000000000000008291
62000000000000000000000000000008414
63000000000000000000000000000008537
64000000000000000000000000000008660
65000000000000000000000000000008783
66000000000000000000000000000008906
67000000000000000000000000000009029
68000000000000000000000000000009152
69000000000000000000000000000009275
70000000000000000000000000000009398
71000000000000000000000000000009521
72000000000000000000000000000009644
73000000000000000000000000000009767
74000000000000000000000000000009890
75000000000000000000000000000010013
76000000000000000000000000000010136
77000000000000000000000000000010259
78000000000000000000000000000010382
79000000000000000000000000000010505
80000000000000000000000000000010628
81000000000000000000000000000010751
82000000000000000000000000000010874
83000000000000000000000000000010997
84000000000000000000000000000011120
85000000000000000000000000000011243
86000000000000000000000000000011366
87000000000000000000000000000011489
88000000000000000000000000000011612
89000000000000000000000000000011735
